ID,date,division,team,opponent,statCategory,firstName,lastName,statistic,value
17826001,10/6/2018,D-II,LIU Post,Shippensburg,RUSHING,Malik,Pierre,ATT,16
17826002,10/6/2018,D-II,LIU Post,Shippensburg,RUSHING,Malik,Pierre,YDS,70
17826003,10/6/2018,D-II,LIU Post,Shippensburg,RUSHING,Malik,Pierre,TD,1
17826004,10/6/2018,D-II,LIU Post,Shippensburg,RUSHING,Malik,Pierre,LONG,11
17826005,10/6/2018,D-II,LIU Post,Shippensburg,RUSHING,Tim,Marinan,ATT,8
17826006,10/6/2018,D-II,LIU Post,Shippensburg,RUSHING,Tim,Marinan,YDS,25
17826007,10/6/2018,D-II,LIU Post,Shippensburg,RUSHING,Tim,Marinan,TD,0
17826008,10/6/2018,D-II,LIU Post,Shippensburg,RUSHING,Tim,Marinan,LONG,7
17826009,10/6/2018,D-II,LIU Post,Shippensburg,RUSHING,Chris,Laviano,ATT,7
17826010,10/6/2018,D-II,LIU Post,Shippensburg,RUSHING,Chris,Laviano,YDS,-46
17826011,10/6/2018,D-II,LIU Post,Shippensburg,RUSHING,Chris,Laviano,TD,0
17826012,10/6/2018,D-II,LIU Post,Shippensburg,RUSHING,Chris,Laviano,LONG,3
17826013,10/6/2018,D-II,LIU Post,Shippensburg,PASSING,Chris,Laviano,CP-ATT-INT,39-61-2
17826014,10/6/2018,D-II,LIU Post,Shippensburg,PASSING,Chris,Laviano,YDS,401
17826015,10/6/2018,D-II,LIU Post,Shippensburg,PASSING,Chris,Laviano,TD,4
17826016,10/6/2018,D-II,LIU Post,Shippensburg,PASSING,Chris,Laviano,LONG,39
17826017,10/6/2018,D-II,LIU Post,Shippensburg,RECEIVING,Deon,Mash,REC,8
17826018,10/6/2018,D-II,LIU Post,Shippensburg,RECEIVING,Deon,Mash,YDS,115
17826019,10/6/2018,D-II,LIU Post,Shippensburg,RECEIVING,Deon,Mash,TD,1
17826020,10/6/2018,D-II,LIU Post,Shippensburg,RECEIVING,Deon,Mash,LONG,35
17826021,10/6/2018,D-II,LIU Post,Shippensburg,RECEIVING,Amir,Crenshaw,REC,5
17826022,10/6/2018,D-II,LIU Post,Shippensburg,RECEIVING,Amir,Crenshaw,YDS,79
17826023,10/6/2018,D-II,LIU Post,Shippensburg,RECEIVING,Amir,Crenshaw,TD,1
17826024,10/6/2018,D-II,LIU Post,Shippensburg,RECEIVING,Amir,Crenshaw,LONG,36
17826025,10/6/2018,D-II,LIU Post,Shippensburg,RECEIVING,Mic,Richardson,REC,7
17826026,10/6/2018,D-II,LIU Post,Shippensburg,RECEIVING,Mic,Richardson,YDS,61
17826027,10/6/2018,D-II,LIU Post,Shippensburg,RECEIVING,Mic,Richardson,TD,1
17826028,10/6/2018,D-II,LIU Post,Shippensburg,RECEIVING,Mic,Richardson,LONG,12
17826029,10/6/2018,D-II,LIU Post,Shippensburg,RECEIVING,Mich,Hartgrove,REC,2
17826030,10/6/2018,D-II,LIU Post,Shippensburg,RECEIVING,Mich,Hartgrove,YDS,45
17826031,10/6/2018,D-II,LIU Post,Shippensburg,RECEIVING,Mich,Hartgrove,TD,1
17826032,10/6/2018,D-II,LIU Post,Shippensburg,RECEIVING,Mich,Hartgrove,LONG,39
17826033,10/6/2018,D-II,LIU Post,Shippensburg,RECEIVING,Jake,Bofshever,REC,5
17826034,10/6/2018,D-II,LIU Post,Shippensburg,RECEIVING,Jake,Bofshever,YDS,32
17826035,10/6/2018,D-II,LIU Post,Shippensburg,RECEIVING,Jake,Bofshever,TD,0
17826036,10/6/2018,D-II,LIU Post,Shippensburg,RECEIVING,Jake,Bofshever,LONG,8
17826037,10/6/2018,D-II,LIU Post,Shippensburg,RECEIVING,Tim,Marinan,REC,2
17826038,10/6/2018,D-II,LIU Post,Shippensburg,RECEIVING,Tim,Marinan,YDS,24
17826039,10/6/2018,D-II,LIU Post,Shippensburg,RECEIVING,Tim,Marinan,TD,0
17826040,10/6/2018,D-II,LIU Post,Shippensburg,RECEIVING,Tim,Marinan,LONG,17
17826041,10/6/2018,D-II,LIU Post,Shippensburg,RECEIVING,Derick,Eugene,REC,2
17826042,10/6/2018,D-II,LIU Post,Shippensburg,RECEIVING,Derick,Eugene,YDS,22
17826043,10/6/2018,D-II,LIU Post,Shippensburg,RECEIVING,Derick,Eugene,TD,0
17826044,10/6/2018,D-II,LIU Post,Shippensburg,RECEIVING,Derick,Eugene,LONG,15
17826045,10/6/2018,D-II,LIU Post,Shippensburg,RECEIVING,Malik,Pierre,REC,6
17826046,10/6/2018,D-II,LIU Post,Shippensburg,RECEIVING,Malik,Pierre,YDS,17
17826047,10/6/2018,D-II,LIU Post,Shippensburg,RECEIVING,Malik,Pierre,TD,0
17826048,10/6/2018,D-II,LIU Post,Shippensburg,RECEIVING,Malik,Pierre,LONG,7
17826049,10/6/2018,D-II,LIU Post,Shippensburg,RECEIVING,,Team,REC,1
17826050,10/6/2018,D-II,LIU Post,Shippensburg,RECEIVING,,Team,YDS,5
17826051,10/6/2018,D-II,LIU Post,Shippensburg,RECEIVING,,Team,TD,0
17826052,10/6/2018,D-II,LIU Post,Shippensburg,RECEIVING,,Team,LONG,5
17826053,10/6/2018,D-II,LIU Post,Shippensburg,RECEIVING,Matt,Zelaya,REC,1
17826054,10/6/2018,D-II,LIU Post,Shippensburg,RECEIVING,Matt,Zelaya,YDS,1
17826055,10/6/2018,D-II,LIU Post,Shippensburg,RECEIVING,Matt,Zelaya,TD,0
17826056,10/6/2018,D-II,LIU Post,Shippensburg,RECEIVING,Matt,Zelaya,LONG,1
17826057,10/6/2018,D-II,LIU Post,Shippensburg,PUNTING,Joey,Tolgyesi,NO,4
17826058,10/6/2018,D-II,LIU Post,Shippensburg,PUNTING,Joey,Tolgyesi,YDS,152
17826059,10/6/2018,D-II,LIU Post,Shippensburg,PUNTING,Joey,Tolgyesi,AVG,38.0
17826060,10/6/2018,D-II,LIU Post,Shippensburg,PUNTING,Joey,Tolgyesi,LONG,50
17826061,10/6/2018,D-II,LIU Post,Shippensburg,PUNT RETURNS,Mic,Richardson,NO,3
17826062,10/6/2018,D-II,LIU Post,Shippensburg,PUNT RETURNS,Mic,Richardson,YDS,10
17826063,10/6/2018,D-II,LIU Post,Shippensburg,PUNT RETURNS,Mic,Richardson,AVG,3.3
17826064,10/6/2018,D-II,LIU Post,Shippensburg,PUNT RETURNS,Mic,Richardson,LONG,6
17826065,10/6/2018,D-II,LIU Post,Shippensburg,KICK RETURNS,Nazir,Streater,NO,5
17826066,10/6/2018,D-II,LIU Post,Shippensburg,KICK RETURNS,Nazir,Streater,YDS,182
17826067,10/6/2018,D-II,LIU Post,Shippensburg,KICK RETURNS,Nazir,Streater,AVG,36.4
17826068,10/6/2018,D-II,LIU Post,Shippensburg,KICK RETURNS,Nazir,Streater,LONG,82
17826069,10/6/2018,D-II,LIU Post,Shippensburg,KICK RETURNS,Kiyon,Santos,NO,1
17826070,10/6/2018,D-II,LIU Post,Shippensburg,KICK RETURNS,Kiyon,Santos,YDS,11
17826071,10/6/2018,D-II,LIU Post,Shippensburg,KICK RETURNS,Kiyon,Santos,AVG,11.0
17826072,10/6/2018,D-II,LIU Post,Shippensburg,KICK RETURNS,Kiyon,Santos,LONG,11
17826073,10/6/2018,D-II,LIU Post,Shippensburg,KICK RETURNS,Damien,Caffrey,NO,1
17826074,10/6/2018,D-II,LIU Post,Shippensburg,KICK RETURNS,Damien,Caffrey,YDS,10
17826075,10/6/2018,D-II,LIU Post,Shippensburg,KICK RETURNS,Damien,Caffrey,AVG,10.0
17826076,10/6/2018,D-II,LIU Post,Shippensburg,KICK RETURNS,Damien,Caffrey,LONG,10
17826077,10/6/2018,D-II,LIU Post,Shippensburg,DEFENSE,Nazir,Streater,TOT,6
17826078,10/6/2018,D-II,LIU Post,Shippensburg,DEFENSE,Nazir,Streater,SOLO,
17826079,10/6/2018,D-II,LIU Post,Shippensburg,DEFENSE,Nazir,Streater,SACKS,4
17826080,10/6/2018,D-II,LIU Post,Shippensburg,DEFENSE,Nazir,Streater,TFL,
17826081,10/6/2018,D-II,LIU Post,Shippensburg,DEFENSE,Nazir,Streater,INT,
17826082,10/6/2018,D-II,LIU Post,Shippensburg,DEFENSE,Nazir,Streater,FF,1
17826083,10/6/2018,D-II,LIU Post,Shippensburg,DEFENSE,Nazir,Streater,FR,
17826084,10/6/2018,D-II,LIU Post,Shippensburg,DEFENSE,Jahmel,Johnson,TOT,3
17826085,10/6/2018,D-II,LIU Post,Shippensburg,DEFENSE,Jahmel,Johnson,SOLO,
17826086,10/6/2018,D-II,LIU Post,Shippensburg,DEFENSE,Jahmel,Johnson,SACKS,3
17826087,10/6/2018,D-II,LIU Post,Shippensburg,DEFENSE,Jahmel,Johnson,TFL,
17826088,10/6/2018,D-II,LIU Post,Shippensburg,DEFENSE,Jahmel,Johnson,INT,
17826089,10/6/2018,D-II,LIU Post,Shippensburg,DEFENSE,Jahmel,Johnson,FF,
17826090,10/6/2018,D-II,LIU Post,Shippensburg,DEFENSE,Jahmel,Johnson,FR,
17826091,10/6/2018,D-II,LIU Post,Shippensburg,DEFENSE,Kasim,Thomas,TOT,4
17826092,10/6/2018,D-II,LIU Post,Shippensburg,DEFENSE,Kasim,Thomas,SOLO,
17826093,10/6/2018,D-II,LIU Post,Shippensburg,DEFENSE,Kasim,Thomas,SACKS,3
17826094,10/6/2018,D-II,LIU Post,Shippensburg,DEFENSE,Kasim,Thomas,TFL,
17826095,10/6/2018,D-II,LIU Post,Shippensburg,DEFENSE,Kasim,Thomas,INT,
17826096,10/6/2018,D-II,LIU Post,Shippensburg,DEFENSE,Kasim,Thomas,FF,
17826097,10/6/2018,D-II,LIU Post,Shippensburg,DEFENSE,Kasim,Thomas,FR,
17826098,10/6/2018,D-II,LIU Post,Shippensburg,DEFENSE,Jake,Carlock,TOT,6
17826099,10/6/2018,D-II,LIU Post,Shippensburg,DEFENSE,Jake,Carlock,SOLO,
17826100,10/6/2018,D-II,LIU Post,Shippensburg,DEFENSE,Jake,Carlock,SACKS,5
17826101,10/6/2018,D-II,LIU Post,Shippensburg,DEFENSE,Jake,Carlock,TFL,
17826102,10/6/2018,D-II,LIU Post,Shippensburg,DEFENSE,Jake,Carlock,INT,
17826103,10/6/2018,D-II,LIU Post,Shippensburg,DEFENSE,Jake,Carlock,FF,
17826104,10/6/2018,D-II,LIU Post,Shippensburg,DEFENSE,Jake,Carlock,FR,1
17826105,10/6/2018,D-II,LIU Post,Shippensburg,DEFENSE,Amir,Crenshaw,TOT,1
17826106,10/6/2018,D-II,LIU Post,Shippensburg,DEFENSE,Amir,Crenshaw,SOLO,
17826107,10/6/2018,D-II,LIU Post,Shippensburg,DEFENSE,Amir,Crenshaw,SACKS,1
17826108,10/6/2018,D-II,LIU Post,Shippensburg,DEFENSE,Amir,Crenshaw,TFL,
17826109,10/6/2018,D-II,LIU Post,Shippensburg,DEFENSE,Amir,Crenshaw,INT,
17826110,10/6/2018,D-II,LIU Post,Shippensburg,DEFENSE,Amir,Crenshaw,FF,
17826111,10/6/2018,D-II,LIU Post,Shippensburg,DEFENSE,Amir,Crenshaw,FR,
17826112,10/6/2018,D-II,LIU Post,Shippensburg,DEFENSE,Mich,Hartgrove,TOT,2
17826113,10/6/2018,D-II,LIU Post,Shippensburg,DEFENSE,Mich,Hartgrove,SOLO,
17826114,10/6/2018,D-II,LIU Post,Shippensburg,DEFENSE,Mich,Hartgrove,SACKS,2
17826115,10/6/2018,D-II,LIU Post,Shippensburg,DEFENSE,Mich,Hartgrove,TFL,
17826116,10/6/2018,D-II,LIU Post,Shippensburg,DEFENSE,Mich,Hartgrove,INT,
17826117,10/6/2018,D-II,LIU Post,Shippensburg,DEFENSE,Mich,Hartgrove,FF,
17826118,10/6/2018,D-II,LIU Post,Shippensburg,DEFENSE,Mich,Hartgrove,FR,
17826119,10/6/2018,D-II,LIU Post,Shippensburg,DEFENSE,Chika,Ewulu,TOT,2
17826120,10/6/2018,D-II,LIU Post,Shippensburg,DEFENSE,Chika,Ewulu,SOLO,
17826121,10/6/2018,D-II,LIU Post,Shippensburg,DEFENSE,Chika,Ewulu,SACKS,1
17826122,10/6/2018,D-II,LIU Post,Shippensburg,DEFENSE,Chika,Ewulu,TFL,
17826123,10/6/2018,D-II,LIU Post,Shippensburg,DEFENSE,Chika,Ewulu,INT,
17826124,10/6/2018,D-II,LIU Post,Shippensburg,DEFENSE,Chika,Ewulu,FF,
17826125,10/6/2018,D-II,LIU Post,Shippensburg,DEFENSE,Chika,Ewulu,FR,1
17826126,10/6/2018,D-II,LIU Post,Shippensburg,DEFENSE,Jake,Bofshever,TOT,1
17826127,10/6/2018,D-II,LIU Post,Shippensburg,DEFENSE,Jake,Bofshever,SOLO,
17826128,10/6/2018,D-II,LIU Post,Shippensburg,DEFENSE,Jake,Bofshever,SACKS,0
17826129,10/6/2018,D-II,LIU Post,Shippensburg,DEFENSE,Jake,Bofshever,TFL,
17826130,10/6/2018,D-II,LIU Post,Shippensburg,DEFENSE,Jake,Bofshever,INT,
17826131,10/6/2018,D-II,LIU Post,Shippensburg,DEFENSE,Jake,Bofshever,FF,
17826132,10/6/2018,D-II,LIU Post,Shippensburg,DEFENSE,Jake,Bofshever,FR,
17826133,10/6/2018,D-II,LIU Post,Shippensburg,DEFENSE,,Team,TOT,2
17826134,10/6/2018,D-II,LIU Post,Shippensburg,DEFENSE,,Team,SOLO,
17826135,10/6/2018,D-II,LIU Post,Shippensburg,DEFENSE,,Team,SACKS,1
17826136,10/6/2018,D-II,LIU Post,Shippensburg,DEFENSE,,Team,TFL,
17826137,10/6/2018,D-II,LIU Post,Shippensburg,DEFENSE,,Team,INT,
17826138,10/6/2018,D-II,LIU Post,Shippensburg,DEFENSE,,Team,FF,
17826139,10/6/2018,D-II,LIU Post,Shippensburg,DEFENSE,,Team,FR,
17826140,10/6/2018,D-II,LIU Post,Shippensburg,DEFENSE,Ricco,aaronjr,TOT,4
17826141,10/6/2018,D-II,LIU Post,Shippensburg,DEFENSE,Ricco,aaronjr,SOLO,
17826142,10/6/2018,D-II,LIU Post,Shippensburg,DEFENSE,Ricco,aaronjr,SACKS,4
17826143,10/6/2018,D-II,LIU Post,Shippensburg,DEFENSE,Ricco,aaronjr,TFL,
17826144,10/6/2018,D-II,LIU Post,Shippensburg,DEFENSE,Ricco,aaronjr,INT,
17826145,10/6/2018,D-II,LIU Post,Shippensburg,DEFENSE,Ricco,aaronjr,FF,
17826146,10/6/2018,D-II,LIU Post,Shippensburg,DEFENSE,Ricco,aaronjr,FR,1
17826147,10/6/2018,D-II,LIU Post,Shippensburg,DEFENSE,Tim,Marinan,TOT,1
17826148,10/6/2018,D-II,LIU Post,Shippensburg,DEFENSE,Tim,Marinan,SOLO,
17826149,10/6/2018,D-II,LIU Post,Shippensburg,DEFENSE,Tim,Marinan,SACKS,1
17826150,10/6/2018,D-II,LIU Post,Shippensburg,DEFENSE,Tim,Marinan,TFL,
17826151,10/6/2018,D-II,LIU Post,Shippensburg,DEFENSE,Tim,Marinan,INT,
17826152,10/6/2018,D-II,LIU Post,Shippensburg,DEFENSE,Tim,Marinan,FF,
17826153,10/6/2018,D-II,LIU Post,Shippensburg,DEFENSE,Tim,Marinan,FR,
17826154,10/6/2018,D-II,LIU Post,Shippensburg,DEFENSE,Connor,Farrell,TOT,2
17826155,10/6/2018,D-II,LIU Post,Shippensburg,DEFENSE,Connor,Farrell,SOLO,
17826156,10/6/2018,D-II,LIU Post,Shippensburg,DEFENSE,Connor,Farrell,SACKS,2
17826157,10/6/2018,D-II,LIU Post,Shippensburg,DEFENSE,Connor,Farrell,TFL,
17826158,10/6/2018,D-II,LIU Post,Shippensburg,DEFENSE,Connor,Farrell,INT,
17826159,10/6/2018,D-II,LIU Post,Shippensburg,DEFENSE,Connor,Farrell,FF,
17826160,10/6/2018,D-II,LIU Post,Shippensburg,DEFENSE,Connor,Farrell,FR,
17826161,10/6/2018,D-II,LIU Post,Shippensburg,DEFENSE,,Team,TOT,4
17826162,10/6/2018,D-II,LIU Post,Shippensburg,DEFENSE,,Team,SOLO,
17826163,10/6/2018,D-II,LIU Post,Shippensburg,DEFENSE,,Team,SACKS,3
17826164,10/6/2018,D-II,LIU Post,Shippensburg,DEFENSE,,Team,TFL,
17826165,10/6/2018,D-II,LIU Post,Shippensburg,DEFENSE,,Team,INT,
17826166,10/6/2018,D-II,LIU Post,Shippensburg,DEFENSE,,Team,FF,1
17826167,10/6/2018,D-II,LIU Post,Shippensburg,DEFENSE,,Team,FR,1
17826168,10/6/2018,D-II,LIU Post,Shippensburg,DEFENSE,Anthony,Lavio,TOT,3
17826169,10/6/2018,D-II,LIU Post,Shippensburg,DEFENSE,Anthony,Lavio,SOLO,
17826170,10/6/2018,D-II,LIU Post,Shippensburg,DEFENSE,Anthony,Lavio,SACKS,2
17826171,10/6/2018,D-II,LIU Post,Shippensburg,DEFENSE,Anthony,Lavio,TFL,
17826172,10/6/2018,D-II,LIU Post,Shippensburg,DEFENSE,Anthony,Lavio,INT,
17826173,10/6/2018,D-II,LIU Post,Shippensburg,DEFENSE,Anthony,Lavio,FF,
17826174,10/6/2018,D-II,LIU Post,Shippensburg,DEFENSE,Anthony,Lavio,FR,
17826175,10/6/2018,D-II,LIU Post,Shippensburg,DEFENSE,Ke,Petit-frere,TOT,1
17826176,10/6/2018,D-II,LIU Post,Shippensburg,DEFENSE,Ke,Petit-frere,SOLO,
17826177,10/6/2018,D-II,LIU Post,Shippensburg,DEFENSE,Ke,Petit-frere,SACKS,0
17826178,10/6/2018,D-II,LIU Post,Shippensburg,DEFENSE,Ke,Petit-frere,TFL,
17826179,10/6/2018,D-II,LIU Post,Shippensburg,DEFENSE,Ke,Petit-frere,INT,
17826180,10/6/2018,D-II,LIU Post,Shippensburg,DEFENSE,Ke,Petit-frere,FF,
17826181,10/6/2018,D-II,LIU Post,Shippensburg,DEFENSE,Ke,Petit-frere,FR,
17826182,10/6/2018,D-II,LIU Post,Shippensburg,DEFENSE,Joe,Amalfitano,TOT,1
17826183,10/6/2018,D-II,LIU Post,Shippensburg,DEFENSE,Joe,Amalfitano,SOLO,
17826184,10/6/2018,D-II,LIU Post,Shippensburg,DEFENSE,Joe,Amalfitano,SACKS,1
17826185,10/6/2018,D-II,LIU Post,Shippensburg,DEFENSE,Joe,Amalfitano,TFL,
17826186,10/6/2018,D-II,LIU Post,Shippensburg,DEFENSE,Joe,Amalfitano,INT,
17826187,10/6/2018,D-II,LIU Post,Shippensburg,DEFENSE,Joe,Amalfitano,FF,
17826188,10/6/2018,D-II,LIU Post,Shippensburg,DEFENSE,Joe,Amalfitano,FR,1
17826189,10/6/2018,D-II,Shippensburg,LIU Post,RUSHING,Raleigh,Sirb,ATT,5
17826190,10/6/2018,D-II,Shippensburg,LIU Post,RUSHING,Raleigh,Sirb,YDS,13
17826191,10/6/2018,D-II,Shippensburg,LIU Post,RUSHING,Raleigh,Sirb,TD,1
17826192,10/6/2018,D-II,Shippensburg,LIU Post,RUSHING,Raleigh,Sirb,LONG,5
17826193,10/6/2018,D-II,Shippensburg,LIU Post,RUSHING,Marcus,Lominy,ATT,3
17826194,10/6/2018,D-II,Shippensburg,LIU Post,RUSHING,Marcus,Lominy,YDS,6
17826195,10/6/2018,D-II,Shippensburg,LIU Post,RUSHING,Marcus,Lominy,TD,0
17826196,10/6/2018,D-II,Shippensburg,LIU Post,RUSHING,Marcus,Lominy,LONG,5
17826197,10/6/2018,D-II,Shippensburg,LIU Post,RUSHING,Sean,Judge,ATT,6
17826198,10/6/2018,D-II,Shippensburg,LIU Post,RUSHING,Sean,Judge,YDS,3
17826199,10/6/2018,D-II,Shippensburg,LIU Post,RUSHING,Sean,Judge,TD,0
17826200,10/6/2018,D-II,Shippensburg,LIU Post,RUSHING,Sean,Judge,LONG,3
17826201,10/6/2018,D-II,Shippensburg,LIU Post,RUSHING,Chase,Yocum,ATT,1
17826202,10/6/2018,D-II,Shippensburg,LIU Post,RUSHING,Chase,Yocum,YDS,1
17826203,10/6/2018,D-II,Shippensburg,LIU Post,RUSHING,Chase,Yocum,TD,1
17826204,10/6/2018,D-II,Shippensburg,LIU Post,RUSHING,Chase,Yocum,LONG,1
17826205,10/6/2018,D-II,Shippensburg,LIU Post,RUSHING,Brycen,Mussina,ATT,3
17826206,10/6/2018,D-II,Shippensburg,LIU Post,RUSHING,Brycen,Mussina,YDS,-23
17826207,10/6/2018,D-II,Shippensburg,LIU Post,RUSHING,Brycen,Mussina,TD,0
17826208,10/6/2018,D-II,Shippensburg,LIU Post,RUSHING,Brycen,Mussina,LONG,0
17826209,10/6/2018,D-II,Shippensburg,LIU Post,PASSING,Brycen,Mussina,CP-ATT-INT,25-34-2
17826210,10/6/2018,D-II,Shippensburg,LIU Post,PASSING,Brycen,Mussina,YDS,386
17826211,10/6/2018,D-II,Shippensburg,LIU Post,PASSING,Brycen,Mussina,TD,4
17826212,10/6/2018,D-II,Shippensburg,LIU Post,PASSING,Brycen,Mussina,LONG,75
17826213,10/6/2018,D-II,Shippensburg,LIU Post,RECEIVING,Josh,Gontarek,REC,7
17826214,10/6/2018,D-II,Shippensburg,LIU Post,RECEIVING,Josh,Gontarek,YDS,159
17826215,10/6/2018,D-II,Shippensburg,LIU Post,RECEIVING,Josh,Gontarek,TD,1
17826216,10/6/2018,D-II,Shippensburg,LIU Post,RECEIVING,Josh,Gontarek,LONG,75
17826217,10/6/2018,D-II,Shippensburg,LIU Post,RECEIVING,Winston,Eubanks,REC,5
17826218,10/6/2018,D-II,Shippensburg,LIU Post,RECEIVING,Winston,Eubanks,YDS,115
17826219,10/6/2018,D-II,Shippensburg,LIU Post,RECEIVING,Winston,Eubanks,TD,2
17826220,10/6/2018,D-II,Shippensburg,LIU Post,RECEIVING,Winston,Eubanks,LONG,75
17826221,10/6/2018,D-II,Shippensburg,LIU Post,RECEIVING,Charles,Headen,REC,2
17826222,10/6/2018,D-II,Shippensburg,LIU Post,RECEIVING,Charles,Headen,YDS,34
17826223,10/6/2018,D-II,Shippensburg,LIU Post,RECEIVING,Charles,Headen,TD,1
17826224,10/6/2018,D-II,Shippensburg,LIU Post,RECEIVING,Charles,Headen,LONG,32
17826225,10/6/2018,D-II,Shippensburg,LIU Post,RECEIVING,David,Balint,REC,3
17826226,10/6/2018,D-II,Shippensburg,LIU Post,RECEIVING,David,Balint,YDS,34
17826227,10/6/2018,D-II,Shippensburg,LIU Post,RECEIVING,David,Balint,TD,0
17826228,10/6/2018,D-II,Shippensburg,LIU Post,RECEIVING,David,Balint,LONG,17
17826229,10/6/2018,D-II,Shippensburg,LIU Post,RECEIVING,Shea,O'donnell,REC,4
17826230,10/6/2018,D-II,Shippensburg,LIU Post,RECEIVING,Shea,O'donnell,YDS,28
17826231,10/6/2018,D-II,Shippensburg,LIU Post,RECEIVING,Shea,O'donnell,TD,0
17826232,10/6/2018,D-II,Shippensburg,LIU Post,RECEIVING,Shea,O'donnell,LONG,9
17826233,10/6/2018,D-II,Shippensburg,LIU Post,RECEIVING,Raleigh,Sirb,REC,1
17826234,10/6/2018,D-II,Shippensburg,LIU Post,RECEIVING,Raleigh,Sirb,YDS,6
17826235,10/6/2018,D-II,Shippensburg,LIU Post,RECEIVING,Raleigh,Sirb,TD,0
17826236,10/6/2018,D-II,Shippensburg,LIU Post,RECEIVING,Raleigh,Sirb,LONG,6
17826237,10/6/2018,D-II,Shippensburg,LIU Post,RECEIVING,Mari,Wright,REC,2
17826238,10/6/2018,D-II,Shippensburg,LIU Post,RECEIVING,Mari,Wright,YDS,6
17826239,10/6/2018,D-II,Shippensburg,LIU Post,RECEIVING,Mari,Wright,TD,0
17826240,10/6/2018,D-II,Shippensburg,LIU Post,RECEIVING,Mari,Wright,LONG,3
17826241,10/6/2018,D-II,Shippensburg,LIU Post,RECEIVING,Marcus,Lominy,REC,1
17826242,10/6/2018,D-II,Shippensburg,LIU Post,RECEIVING,Marcus,Lominy,YDS,4
17826243,10/6/2018,D-II,Shippensburg,LIU Post,RECEIVING,Marcus,Lominy,TD,0
17826244,10/6/2018,D-II,Shippensburg,LIU Post,RECEIVING,Marcus,Lominy,LONG,4
17826245,10/6/2018,D-II,Shippensburg,LIU Post,PUNTING,David,Shank,NO,6
17826246,10/6/2018,D-II,Shippensburg,LIU Post,PUNTING,David,Shank,YDS,245
17826247,10/6/2018,D-II,Shippensburg,LIU Post,PUNTING,David,Shank,AVG,40.8
17826248,10/6/2018,D-II,Shippensburg,LIU Post,PUNTING,David,Shank,LONG,47
17826249,10/6/2018,D-II,Shippensburg,LIU Post,PUNT RETURNS,Josh,Gontarek,NO,1
17826250,10/6/2018,D-II,Shippensburg,LIU Post,PUNT RETURNS,Josh,Gontarek,YDS,8
17826251,10/6/2018,D-II,Shippensburg,LIU Post,PUNT RETURNS,Josh,Gontarek,AVG,8.0
17826252,10/6/2018,D-II,Shippensburg,LIU Post,PUNT RETURNS,Josh,Gontarek,LONG,8
17826253,10/6/2018,D-II,Shippensburg,LIU Post,KICK RETURNS,Charles,Headen,NO,1
17826254,10/6/2018,D-II,Shippensburg,LIU Post,KICK RETURNS,Charles,Headen,YDS,24
17826255,10/6/2018,D-II,Shippensburg,LIU Post,KICK RETURNS,Charles,Headen,AVG,24.0
17826256,10/6/2018,D-II,Shippensburg,LIU Post,KICK RETURNS,Charles,Headen,LONG,24
17826257,10/6/2018,D-II,Shippensburg,LIU Post,KICK RETURNS,Chase,Yocum,NO,2
17826258,10/6/2018,D-II,Shippensburg,LIU Post,KICK RETURNS,Chase,Yocum,YDS,49
17826259,10/6/2018,D-II,Shippensburg,LIU Post,KICK RETURNS,Chase,Yocum,AVG,24.5
17826260,10/6/2018,D-II,Shippensburg,LIU Post,KICK RETURNS,Chase,Yocum,LONG,32
17826261,10/6/2018,D-II,Shippensburg,LIU Post,KICK RETURNS,Terez,Franklin,NO,2
17826262,10/6/2018,D-II,Shippensburg,LIU Post,KICK RETURNS,Terez,Franklin,YDS,43
17826263,10/6/2018,D-II,Shippensburg,LIU Post,KICK RETURNS,Terez,Franklin,AVG,21.5
17826264,10/6/2018,D-II,Shippensburg,LIU Post,KICK RETURNS,Terez,Franklin,LONG,23
17826265,10/6/2018,D-II,Shippensburg,LIU Post,DEFENSE,Dennis,Robinson,TOT,8
17826266,10/6/2018,D-II,Shippensburg,LIU Post,DEFENSE,Dennis,Robinson,SOLO,
17826267,10/6/2018,D-II,Shippensburg,LIU Post,DEFENSE,Dennis,Robinson,SACKS,6
17826268,10/6/2018,D-II,Shippensburg,LIU Post,DEFENSE,Dennis,Robinson,TFL,
17826269,10/6/2018,D-II,Shippensburg,LIU Post,DEFENSE,Dennis,Robinson,INT,
17826270,10/6/2018,D-II,Shippensburg,LIU Post,DEFENSE,Dennis,Robinson,FF,
17826271,10/6/2018,D-II,Shippensburg,LIU Post,DEFENSE,Dennis,Robinson,FR,
17826272,10/6/2018,D-II,Shippensburg,LIU Post,DEFENSE,Hasan,Sharif,TOT,2
17826273,10/6/2018,D-II,Shippensburg,LIU Post,DEFENSE,Hasan,Sharif,SOLO,
17826274,10/6/2018,D-II,Shippensburg,LIU Post,DEFENSE,Hasan,Sharif,SACKS,1
17826275,10/6/2018,D-II,Shippensburg,LIU Post,DEFENSE,Hasan,Sharif,TFL,
17826276,10/6/2018,D-II,Shippensburg,LIU Post,DEFENSE,Hasan,Sharif,INT,
17826277,10/6/2018,D-II,Shippensburg,LIU Post,DEFENSE,Hasan,Sharif,FF,
17826278,10/6/2018,D-II,Shippensburg,LIU Post,DEFENSE,Hasan,Sharif,FR,
17826279,10/6/2018,D-II,Shippensburg,LIU Post,DEFENSE,Richard,Nase,TOT,5
17826280,10/6/2018,D-II,Shippensburg,LIU Post,DEFENSE,Richard,Nase,SOLO,
17826281,10/6/2018,D-II,Shippensburg,LIU Post,DEFENSE,Richard,Nase,SACKS,2
17826282,10/6/2018,D-II,Shippensburg,LIU Post,DEFENSE,Richard,Nase,TFL,
17826283,10/6/2018,D-II,Shippensburg,LIU Post,DEFENSE,Richard,Nase,INT,
17826284,10/6/2018,D-II,Shippensburg,LIU Post,DEFENSE,Richard,Nase,FF,
17826285,10/6/2018,D-II,Shippensburg,LIU Post,DEFENSE,Richard,Nase,FR,0
17826286,10/6/2018,D-II,Shippensburg,LIU Post,DEFENSE,Nasier,Brister,TOT,1
17826287,10/6/2018,D-II,Shippensburg,LIU Post,DEFENSE,Nasier,Brister,SOLO,
17826288,10/6/2018,D-II,Shippensburg,LIU Post,DEFENSE,Nasier,Brister,SACKS,0
17826289,10/6/2018,D-II,Shippensburg,LIU Post,DEFENSE,Nasier,Brister,TFL,
17826290,10/6/2018,D-II,Shippensburg,LIU Post,DEFENSE,Nasier,Brister,INT,
17826291,10/6/2018,D-II,Shippensburg,LIU Post,DEFENSE,Nasier,Brister,FF,
17826292,10/6/2018,D-II,Shippensburg,LIU Post,DEFENSE,Nasier,Brister,FR,
17826293,10/6/2018,D-II,Shippensburg,LIU Post,DEFENSE,David,Balint,TOT,1
17826294,10/6/2018,D-II,Shippensburg,LIU Post,DEFENSE,David,Balint,SOLO,
17826295,10/6/2018,D-II,Shippensburg,LIU Post,DEFENSE,David,Balint,SACKS,1
17826296,10/6/2018,D-II,Shippensburg,LIU Post,DEFENSE,David,Balint,TFL,
17826297,10/6/2018,D-II,Shippensburg,LIU Post,DEFENSE,David,Balint,INT,
17826298,10/6/2018,D-II,Shippensburg,LIU Post,DEFENSE,David,Balint,FF,
17826299,10/6/2018,D-II,Shippensburg,LIU Post,DEFENSE,David,Balint,FR,
17826300,10/6/2018,D-II,Shippensburg,LIU Post,DEFENSE,Chase,Yocum,TOT,1
17826301,10/6/2018,D-II,Shippensburg,LIU Post,DEFENSE,Chase,Yocum,SOLO,
17826302,10/6/2018,D-II,Shippensburg,LIU Post,DEFENSE,Chase,Yocum,SACKS,1
17826303,10/6/2018,D-II,Shippensburg,LIU Post,DEFENSE,Chase,Yocum,TFL,
17826304,10/6/2018,D-II,Shippensburg,LIU Post,DEFENSE,Chase,Yocum,INT,
17826305,10/6/2018,D-II,Shippensburg,LIU Post,DEFENSE,Chase,Yocum,FF,
17826306,10/6/2018,D-II,Shippensburg,LIU Post,DEFENSE,Chase,Yocum,FR,
17826307,10/6/2018,D-II,Shippensburg,LIU Post,DEFENSE,,Team,TOT,4
17826308,10/6/2018,D-II,Shippensburg,LIU Post,DEFENSE,,Team,SOLO,
17826309,10/6/2018,D-II,Shippensburg,LIU Post,DEFENSE,,Team,SACKS,4
17826310,10/6/2018,D-II,Shippensburg,LIU Post,DEFENSE,,Team,TFL,
17826311,10/6/2018,D-II,Shippensburg,LIU Post,DEFENSE,,Team,INT,
17826312,10/6/2018,D-II,Shippensburg,LIU Post,DEFENSE,,Team,FF,
17826313,10/6/2018,D-II,Shippensburg,LIU Post,DEFENSE,,Team,FR,
17826314,10/6/2018,D-II,Shippensburg,LIU Post,DEFENSE,Deionte,Wilson,TOT,4
17826315,10/6/2018,D-II,Shippensburg,LIU Post,DEFENSE,Deionte,Wilson,SOLO,
17826316,10/6/2018,D-II,Shippensburg,LIU Post,DEFENSE,Deionte,Wilson,SACKS,2
17826317,10/6/2018,D-II,Shippensburg,LIU Post,DEFENSE,Deionte,Wilson,TFL,
17826318,10/6/2018,D-II,Shippensburg,LIU Post,DEFENSE,Deionte,Wilson,INT,
17826319,10/6/2018,D-II,Shippensburg,LIU Post,DEFENSE,Deionte,Wilson,FF,
17826320,10/6/2018,D-II,Shippensburg,LIU Post,DEFENSE,Deionte,Wilson,FR,
17826321,10/6/2018,D-II,Shippensburg,LIU Post,DEFENSE,John,chaneyIii,TOT,6
17826322,10/6/2018,D-II,Shippensburg,LIU Post,DEFENSE,John,chaneyIii,SOLO,
17826323,10/6/2018,D-II,Shippensburg,LIU Post,DEFENSE,John,chaneyIii,SACKS,3
17826324,10/6/2018,D-II,Shippensburg,LIU Post,DEFENSE,John,chaneyIii,TFL,
17826325,10/6/2018,D-II,Shippensburg,LIU Post,DEFENSE,John,chaneyIii,INT,
17826326,10/6/2018,D-II,Shippensburg,LIU Post,DEFENSE,John,chaneyIii,FF,
17826327,10/6/2018,D-II,Shippensburg,LIU Post,DEFENSE,John,chaneyIii,FR,0
17826328,10/6/2018,D-II,Shippensburg,LIU Post,DEFENSE,Trey,Paul,TOT,8
17826329,10/6/2018,D-II,Shippensburg,LIU Post,DEFENSE,Trey,Paul,SOLO,
17826330,10/6/2018,D-II,Shippensburg,LIU Post,DEFENSE,Trey,Paul,SACKS,2
17826331,10/6/2018,D-II,Shippensburg,LIU Post,DEFENSE,Trey,Paul,TFL,
17826332,10/6/2018,D-II,Shippensburg,LIU Post,DEFENSE,Trey,Paul,INT,
17826333,10/6/2018,D-II,Shippensburg,LIU Post,DEFENSE,Trey,Paul,FF,
17826334,10/6/2018,D-II,Shippensburg,LIU Post,DEFENSE,Trey,Paul,FR,0
17826335,10/6/2018,D-II,Shippensburg,LIU Post,DEFENSE,Laron,Woody,TOT,4
17826336,10/6/2018,D-II,Shippensburg,LIU Post,DEFENSE,Laron,Woody,SOLO,
17826337,10/6/2018,D-II,Shippensburg,LIU Post,DEFENSE,Laron,Woody,SACKS,2
17826338,10/6/2018,D-II,Shippensburg,LIU Post,DEFENSE,Laron,Woody,TFL,
17826339,10/6/2018,D-II,Shippensburg,LIU Post,DEFENSE,Laron,Woody,INT,
17826340,10/6/2018,D-II,Shippensburg,LIU Post,DEFENSE,Laron,Woody,FF,
17826341,10/6/2018,D-II,Shippensburg,LIU Post,DEFENSE,Laron,Woody,FR,
17826342,10/6/2018,D-II,Shippensburg,LIU Post,DEFENSE,Terez,Franklin,TOT,5
17826343,10/6/2018,D-II,Shippensburg,LIU Post,DEFENSE,Terez,Franklin,SOLO,
17826344,10/6/2018,D-II,Shippensburg,LIU Post,DEFENSE,Terez,Franklin,SACKS,4
17826345,10/6/2018,D-II,Shippensburg,LIU Post,DEFENSE,Terez,Franklin,TFL,
17826346,10/6/2018,D-II,Shippensburg,LIU Post,DEFENSE,Terez,Franklin,INT,
17826347,10/6/2018,D-II,Shippensburg,LIU Post,DEFENSE,Terez,Franklin,FF,
17826348,10/6/2018,D-II,Shippensburg,LIU Post,DEFENSE,Terez,Franklin,FR,
17826349,10/6/2018,D-II,Shippensburg,LIU Post,DEFENSE,Tig,Spinelli,TOT,6
17826350,10/6/2018,D-II,Shippensburg,LIU Post,DEFENSE,Tig,Spinelli,SOLO,
17826351,10/6/2018,D-II,Shippensburg,LIU Post,DEFENSE,Tig,Spinelli,SACKS,2
17826352,10/6/2018,D-II,Shippensburg,LIU Post,DEFENSE,Tig,Spinelli,TFL,
17826353,10/6/2018,D-II,Shippensburg,LIU Post,DEFENSE,Tig,Spinelli,INT,
17826354,10/6/2018,D-II,Shippensburg,LIU Post,DEFENSE,Tig,Spinelli,FF,1
17826355,10/6/2018,D-II,Shippensburg,LIU Post,DEFENSE,Tig,Spinelli,FR,
17826356,10/6/2018,D-II,Shippensburg,LIU Post,DEFENSE,Tyler,Emge,TOT,12
17826357,10/6/2018,D-II,Shippensburg,LIU Post,DEFENSE,Tyler,Emge,SOLO,
17826358,10/6/2018,D-II,Shippensburg,LIU Post,DEFENSE,Tyler,Emge,SACKS,8
17826359,10/6/2018,D-II,Shippensburg,LIU Post,DEFENSE,Tyler,Emge,TFL,
17826360,10/6/2018,D-II,Shippensburg,LIU Post,DEFENSE,Tyler,Emge,INT,
17826361,10/6/2018,D-II,Shippensburg,LIU Post,DEFENSE,Tyler,Emge,FF,
17826362,10/6/2018,D-II,Shippensburg,LIU Post,DEFENSE,Tyler,Emge,FR,1
17826363,10/6/2018,D-II,Shippensburg,LIU Post,DEFENSE,Colin,Williams,TOT,8
17826364,10/6/2018,D-II,Shippensburg,LIU Post,DEFENSE,Colin,Williams,SOLO,
17826365,10/6/2018,D-II,Shippensburg,LIU Post,DEFENSE,Colin,Williams,SACKS,5
17826366,10/6/2018,D-II,Shippensburg,LIU Post,DEFENSE,Colin,Williams,TFL,
17826367,10/6/2018,D-II,Shippensburg,LIU Post,DEFENSE,Colin,Williams,INT,
17826368,10/6/2018,D-II,Shippensburg,LIU Post,DEFENSE,Colin,Williams,FF,1
17826369,10/6/2018,D-II,Shippensburg,LIU Post,DEFENSE,Colin,Williams,FR,
17826370,10/6/2018,D-II,Shippensburg,LIU Post,DEFENSE,Luke,Durkin,TOT,1
17826371,10/6/2018,D-II,Shippensburg,LIU Post,DEFENSE,Luke,Durkin,SOLO,
17826372,10/6/2018,D-II,Shippensburg,LIU Post,DEFENSE,Luke,Durkin,SACKS,1
17826373,10/6/2018,D-II,Shippensburg,LIU Post,DEFENSE,Luke,Durkin,TFL,
17826374,10/6/2018,D-II,Shippensburg,LIU Post,DEFENSE,Luke,Durkin,INT,
17826375,10/6/2018,D-II,Shippensburg,LIU Post,DEFENSE,Luke,Durkin,FF,
17826376,10/6/2018,D-II,Shippensburg,LIU Post,DEFENSE,Luke,Durkin,FR,
17826377,10/6/2018,D-II,Shippensburg,LIU Post,DEFENSE,Dakota,Thompson,TOT,5
17826378,10/6/2018,D-II,Shippensburg,LIU Post,DEFENSE,Dakota,Thompson,SOLO,
17826379,10/6/2018,D-II,Shippensburg,LIU Post,DEFENSE,Dakota,Thompson,SACKS,1
17826380,10/6/2018,D-II,Shippensburg,LIU Post,DEFENSE,Dakota,Thompson,TFL,
17826381,10/6/2018,D-II,Shippensburg,LIU Post,DEFENSE,Dakota,Thompson,INT,
17826382,10/6/2018,D-II,Shippensburg,LIU Post,DEFENSE,Dakota,Thompson,FF,
17826383,10/6/2018,D-II,Shippensburg,LIU Post,DEFENSE,Dakota,Thompson,FR,1
17826384,10/6/2018,D-II,Shippensburg,LIU Post,DEFENSE,John,Durkin,TOT,3
17826385,10/6/2018,D-II,Shippensburg,LIU Post,DEFENSE,John,Durkin,SOLO,
17826386,10/6/2018,D-II,Shippensburg,LIU Post,DEFENSE,John,Durkin,SACKS,2
17826387,10/6/2018,D-II,Shippensburg,LIU Post,DEFENSE,John,Durkin,TFL,
17826388,10/6/2018,D-II,Shippensburg,LIU Post,DEFENSE,John,Durkin,INT,
17826389,10/6/2018,D-II,Shippensburg,LIU Post,DEFENSE,John,Durkin,FF,
17826390,10/6/2018,D-II,Shippensburg,LIU Post,DEFENSE,John,Durkin,FR,1
17826391,10/6/2018,D-II,Shippensburg,LIU Post,DEFENSE,Tim,Bradley,TOT,1
17826392,10/6/2018,D-II,Shippensburg,LIU Post,DEFENSE,Tim,Bradley,SOLO,
17826393,10/6/2018,D-II,Shippensburg,LIU Post,DEFENSE,Tim,Bradley,SACKS,1
17826394,10/6/2018,D-II,Shippensburg,LIU Post,DEFENSE,Tim,Bradley,TFL,
17826395,10/6/2018,D-II,Shippensburg,LIU Post,DEFENSE,Tim,Bradley,INT,1
17826396,10/6/2018,D-II,Shippensburg,LIU Post,DEFENSE,Tim,Bradley,FF,
17826397,10/6/2018,D-II,Shippensburg,LIU Post,DEFENSE,Tim,Bradley,FR,1
17826398,10/6/2018,D-II,Shippensburg,LIU Post,DEFENSE,Nick,Drawbaugh,TOT,2
17826399,10/6/2018,D-II,Shippensburg,LIU Post,DEFENSE,Nick,Drawbaugh,SOLO,
17826400,10/6/2018,D-II,Shippensburg,LIU Post,DEFENSE,Nick,Drawbaugh,SACKS,1
17826401,10/6/2018,D-II,Shippensburg,LIU Post,DEFENSE,Nick,Drawbaugh,TFL,
17826402,10/6/2018,D-II,Shippensburg,LIU Post,DEFENSE,Nick,Drawbaugh,INT,
17826403,10/6/2018,D-II,Shippensburg,LIU Post,DEFENSE,Nick,Drawbaugh,FF,
17826404,10/6/2018,D-II,Shippensburg,LIU Post,DEFENSE,Nick,Drawbaugh,FR,1
17826405,10/6/2018,D-II,Shippensburg,LIU Post,DEFENSE,Josh,Lister,TOT,4
17826406,10/6/2018,D-II,Shippensburg,LIU Post,DEFENSE,Josh,Lister,SOLO,
17826407,10/6/2018,D-II,Shippensburg,LIU Post,DEFENSE,Josh,Lister,SACKS,4
17826408,10/6/2018,D-II,Shippensburg,LIU Post,DEFENSE,Josh,Lister,TFL,
17826409,10/6/2018,D-II,Shippensburg,LIU Post,DEFENSE,Josh,Lister,INT,
17826410,10/6/2018,D-II,Shippensburg,LIU Post,DEFENSE,Josh,Lister,FF,
17826411,10/6/2018,D-II,Shippensburg,LIU Post,DEFENSE,Josh,Lister,FR,
