ID,date,division,team,opponent,statCategory,firstName,lastName,statistic,value
11068001,9/29/2018,FCS,Houston Baptist,SMU,RUSHING,Dreshawn,Minnieweather,ATT,7
11068002,9/29/2018,FCS,Houston Baptist,SMU,RUSHING,Dreshawn,Minnieweather,YDS,26
11068003,9/29/2018,FCS,Houston Baptist,SMU,RUSHING,Dreshawn,Minnieweather,TD,0
11068004,9/29/2018,FCS,Houston Baptist,SMU,RUSHING,Dreshawn,Minnieweather,LONG,10
11068005,9/29/2018,FCS,Houston Baptist,SMU,RUSHING,Bailey,Zappe,ATT,11
11068006,9/29/2018,FCS,Houston Baptist,SMU,RUSHING,Bailey,Zappe,YDS,15
11068007,9/29/2018,FCS,Houston Baptist,SMU,RUSHING,Bailey,Zappe,TD,0
11068008,9/29/2018,FCS,Houston Baptist,SMU,RUSHING,Bailey,Zappe,LONG,12
11068009,9/29/2018,FCS,Houston Baptist,SMU,RUSHING,LaDarius,Dickens,ATT,5
11068010,9/29/2018,FCS,Houston Baptist,SMU,RUSHING,LaDarius,Dickens,YDS,11
11068011,9/29/2018,FCS,Houston Baptist,SMU,RUSHING,LaDarius,Dickens,TD,0
11068012,9/29/2018,FCS,Houston Baptist,SMU,RUSHING,LaDarius,Dickens,LONG,5
11068013,9/29/2018,FCS,Houston Baptist,SMU,RUSHING,Myles,Lewis,ATT,3
11068014,9/29/2018,FCS,Houston Baptist,SMU,RUSHING,Myles,Lewis,YDS,5
11068015,9/29/2018,FCS,Houston Baptist,SMU,RUSHING,Myles,Lewis,TD,0
11068016,9/29/2018,FCS,Houston Baptist,SMU,RUSHING,Myles,Lewis,LONG,2
11068017,9/29/2018,FCS,Houston Baptist,SMU,RUSHING,Ean,Beek,ATT,1
11068018,9/29/2018,FCS,Houston Baptist,SMU,RUSHING,Ean,Beek,YDS,3
11068019,9/29/2018,FCS,Houston Baptist,SMU,RUSHING,Ean,Beek,TD,0
11068020,9/29/2018,FCS,Houston Baptist,SMU,RUSHING,Ean,Beek,LONG,3
11068021,9/29/2018,FCS,Houston Baptist,SMU,PASSING,Bailey,Zappe,CP-ATT-INT,27-49-1
11068022,9/29/2018,FCS,Houston Baptist,SMU,PASSING,Bailey,Zappe,YDS,226
11068023,9/29/2018,FCS,Houston Baptist,SMU,PASSING,Bailey,Zappe,TD,2
11068024,9/29/2018,FCS,Houston Baptist,SMU,PASSING,Bailey,Zappe,LONG,21
11068025,9/29/2018,FCS,Houston Baptist,SMU,PASSING,Andrew,Haidet,CP-ATT-INT,1-2-0
11068026,9/29/2018,FCS,Houston Baptist,SMU,PASSING,Andrew,Haidet,YDS,15
11068027,9/29/2018,FCS,Houston Baptist,SMU,PASSING,Andrew,Haidet,TD,0
11068028,9/29/2018,FCS,Houston Baptist,SMU,PASSING,Andrew,Haidet,LONG,15
11068029,9/29/2018,FCS,Houston Baptist,SMU,RECEIVING,Nick,Sexton,REC,5
11068030,9/29/2018,FCS,Houston Baptist,SMU,RECEIVING,Nick,Sexton,YDS,39
11068031,9/29/2018,FCS,Houston Baptist,SMU,RECEIVING,Nick,Sexton,TD,0
11068032,9/29/2018,FCS,Houston Baptist,SMU,RECEIVING,Nick,Sexton,LONG,17
11068033,9/29/2018,FCS,Houston Baptist,SMU,RECEIVING,Corey,Ceniceros,REC,2
11068034,9/29/2018,FCS,Houston Baptist,SMU,RECEIVING,Corey,Ceniceros,YDS,36
11068035,9/29/2018,FCS,Houston Baptist,SMU,RECEIVING,Corey,Ceniceros,TD,0
11068036,9/29/2018,FCS,Houston Baptist,SMU,RECEIVING,Corey,Ceniceros,LONG,19
11068037,9/29/2018,FCS,Houston Baptist,SMU,RECEIVING,Terry,Tillmon,REC,2
11068038,9/29/2018,FCS,Houston Baptist,SMU,RECEIVING,Terry,Tillmon,YDS,28
11068039,9/29/2018,FCS,Houston Baptist,SMU,RECEIVING,Terry,Tillmon,TD,0
11068040,9/29/2018,FCS,Houston Baptist,SMU,RECEIVING,Terry,Tillmon,LONG,21
11068041,9/29/2018,FCS,Houston Baptist,SMU,RECEIVING,Jarreth,Sterns,REC,4
11068042,9/29/2018,FCS,Houston Baptist,SMU,RECEIVING,Jarreth,Sterns,YDS,24
11068043,9/29/2018,FCS,Houston Baptist,SMU,RECEIVING,Jarreth,Sterns,TD,1
11068044,9/29/2018,FCS,Houston Baptist,SMU,RECEIVING,Jarreth,Sterns,LONG,11
11068045,9/29/2018,FCS,Houston Baptist,SMU,RECEIVING,Vernon,Harrell,REC,2
11068046,9/29/2018,FCS,Houston Baptist,SMU,RECEIVING,Vernon,Harrell,YDS,24
11068047,9/29/2018,FCS,Houston Baptist,SMU,RECEIVING,Vernon,Harrell,TD,0
11068048,9/29/2018,FCS,Houston Baptist,SMU,RECEIVING,Vernon,Harrell,LONG,14
11068049,9/29/2018,FCS,Houston Baptist,SMU,RECEIVING,Dreshawn,Minnieweather,REC,4
11068050,9/29/2018,FCS,Houston Baptist,SMU,RECEIVING,Dreshawn,Minnieweather,YDS,23
11068051,9/29/2018,FCS,Houston Baptist,SMU,RECEIVING,Dreshawn,Minnieweather,TD,0
11068052,9/29/2018,FCS,Houston Baptist,SMU,RECEIVING,Dreshawn,Minnieweather,LONG,8
11068053,9/29/2018,FCS,Houston Baptist,SMU,RECEIVING,Trevor,Larkin,REC,2
11068054,9/29/2018,FCS,Houston Baptist,SMU,RECEIVING,Trevor,Larkin,YDS,20
11068055,9/29/2018,FCS,Houston Baptist,SMU,RECEIVING,Trevor,Larkin,TD,1
11068056,9/29/2018,FCS,Houston Baptist,SMU,RECEIVING,Trevor,Larkin,LONG,12
11068057,9/29/2018,FCS,Houston Baptist,SMU,RECEIVING,Myles,Lewis,REC,1
11068058,9/29/2018,FCS,Houston Baptist,SMU,RECEIVING,Myles,Lewis,YDS,15
11068059,9/29/2018,FCS,Houston Baptist,SMU,RECEIVING,Myles,Lewis,TD,0
11068060,9/29/2018,FCS,Houston Baptist,SMU,RECEIVING,Myles,Lewis,LONG,15
11068061,9/29/2018,FCS,Houston Baptist,SMU,RECEIVING,Ean,Beek,REC,1
11068062,9/29/2018,FCS,Houston Baptist,SMU,RECEIVING,Ean,Beek,YDS,13
11068063,9/29/2018,FCS,Houston Baptist,SMU,RECEIVING,Ean,Beek,TD,0
11068064,9/29/2018,FCS,Houston Baptist,SMU,RECEIVING,Ean,Beek,LONG,13
11068065,9/29/2018,FCS,Houston Baptist,SMU,RECEIVING,Gamar,Brito,REC,1
11068066,9/29/2018,FCS,Houston Baptist,SMU,RECEIVING,Gamar,Brito,YDS,10
11068067,9/29/2018,FCS,Houston Baptist,SMU,RECEIVING,Gamar,Brito,TD,0
11068068,9/29/2018,FCS,Houston Baptist,SMU,RECEIVING,Gamar,Brito,LONG,10
11068069,9/29/2018,FCS,Houston Baptist,SMU,RECEIVING,Aaron,Marquez,REC,1
11068070,9/29/2018,FCS,Houston Baptist,SMU,RECEIVING,Aaron,Marquez,YDS,6
11068071,9/29/2018,FCS,Houston Baptist,SMU,RECEIVING,Aaron,Marquez,TD,0
11068072,9/29/2018,FCS,Houston Baptist,SMU,RECEIVING,Aaron,Marquez,LONG,6
11068073,9/29/2018,FCS,Houston Baptist,SMU,RECEIVING,LaDarius,Dickens,REC,1
11068074,9/29/2018,FCS,Houston Baptist,SMU,RECEIVING,LaDarius,Dickens,YDS,4
11068075,9/29/2018,FCS,Houston Baptist,SMU,RECEIVING,LaDarius,Dickens,TD,0
11068076,9/29/2018,FCS,Houston Baptist,SMU,RECEIVING,LaDarius,Dickens,LONG,4
11068077,9/29/2018,FCS,Houston Baptist,SMU,RECEIVING,David,Racine,REC,2
11068078,9/29/2018,FCS,Houston Baptist,SMU,RECEIVING,David,Racine,YDS,-1
11068079,9/29/2018,FCS,Houston Baptist,SMU,RECEIVING,David,Racine,TD,0
11068080,9/29/2018,FCS,Houston Baptist,SMU,RECEIVING,David,Racine,LONG,0
11068081,9/29/2018,FCS,Houston Baptist,SMU,KICKING,Alec,Chadwick,FG-FGA,2/2
11068082,9/29/2018,FCS,Houston Baptist,SMU,KICKING,Alec,Chadwick,LONG,35
11068083,9/29/2018,FCS,Houston Baptist,SMU,KICKING,Alec,Chadwick,XP,3
11068084,9/29/2018,FCS,Houston Baptist,SMU,KICKING,Alec,Chadwick,PTS,9
11068085,9/29/2018,FCS,Houston Baptist,SMU,PUNTING,Alec,Chadwick,NO,5
11068086,9/29/2018,FCS,Houston Baptist,SMU,PUNTING,Alec,Chadwick,YDS,217
11068087,9/29/2018,FCS,Houston Baptist,SMU,PUNTING,Alec,Chadwick,AVG,43.4
11068088,9/29/2018,FCS,Houston Baptist,SMU,PUNTING,Alec,Chadwick,LONG,52
11068089,9/29/2018,FCS,Houston Baptist,SMU,PUNT RETURNS,Jarreth,Sterns,NO,2
11068090,9/29/2018,FCS,Houston Baptist,SMU,PUNT RETURNS,Jarreth,Sterns,YDS,3
11068091,9/29/2018,FCS,Houston Baptist,SMU,PUNT RETURNS,Jarreth,Sterns,AVG,1.5
11068092,9/29/2018,FCS,Houston Baptist,SMU,PUNT RETURNS,Jarreth,Sterns,LONG,3
11068093,9/29/2018,FCS,Houston Baptist,SMU,KICK RETURNS,LaDarius,Dickens,NO,3
11068094,9/29/2018,FCS,Houston Baptist,SMU,KICK RETURNS,LaDarius,Dickens,YDS,186
11068095,9/29/2018,FCS,Houston Baptist,SMU,KICK RETURNS,LaDarius,Dickens,AVG,62.0
11068096,9/29/2018,FCS,Houston Baptist,SMU,KICK RETURNS,LaDarius,Dickens,LONG,95
11068097,9/29/2018,FCS,Houston Baptist,SMU,KICK RETURNS,Gamar,Brito,NO,1
11068098,9/29/2018,FCS,Houston Baptist,SMU,KICK RETURNS,Gamar,Brito,YDS,13
11068099,9/29/2018,FCS,Houston Baptist,SMU,KICK RETURNS,Gamar,Brito,AVG,13.0
11068100,9/29/2018,FCS,Houston Baptist,SMU,KICK RETURNS,Gamar,Brito,LONG,13
11068101,9/29/2018,FCS,Houston Baptist,SMU,KICK RETURNS,Terry,Tillmon,NO,1
11068102,9/29/2018,FCS,Houston Baptist,SMU,KICK RETURNS,Terry,Tillmon,YDS,7
11068103,9/29/2018,FCS,Houston Baptist,SMU,KICK RETURNS,Terry,Tillmon,AVG,7.0
11068104,9/29/2018,FCS,Houston Baptist,SMU,KICK RETURNS,Terry,Tillmon,LONG,7
11068105,9/29/2018,FCS,Houston Baptist,SMU,DEFENSE,Johnavhon,Graham,TOT,1
11068106,9/29/2018,FCS,Houston Baptist,SMU,DEFENSE,Johnavhon,Graham,SOLO,1
11068107,9/29/2018,FCS,Houston Baptist,SMU,DEFENSE,Johnavhon,Graham,SACKS,1.0
11068108,9/29/2018,FCS,Houston Baptist,SMU,DEFENSE,Johnavhon,Graham,TFL,1
11068109,9/29/2018,FCS,Houston Baptist,SMU,DEFENSE,Johnavhon,Graham,INT,0
11068110,9/29/2018,FCS,Houston Baptist,SMU,DEFENSE,Johnavhon,Graham,FF,1
11068111,9/29/2018,FCS,Houston Baptist,SMU,DEFENSE,Johnavhon,Graham,FR,0
11068112,9/29/2018,FCS,Houston Baptist,SMU,DEFENSE,Marlon,Wilkins,TOT,0
11068113,9/29/2018,FCS,Houston Baptist,SMU,DEFENSE,Marlon,Wilkins,SOLO,0
11068114,9/29/2018,FCS,Houston Baptist,SMU,DEFENSE,Marlon,Wilkins,SACKS,0.0
11068115,9/29/2018,FCS,Houston Baptist,SMU,DEFENSE,Marlon,Wilkins,TFL,0
11068116,9/29/2018,FCS,Houston Baptist,SMU,DEFENSE,Marlon,Wilkins,INT,1
11068117,9/29/2018,FCS,Houston Baptist,SMU,DEFENSE,Marlon,Wilkins,FF,0
11068118,9/29/2018,FCS,Houston Baptist,SMU,DEFENSE,Marlon,Wilkins,FR,0
11068119,9/29/2018,FCS,Houston Baptist,SMU,DEFENSE,Tyrell,Stewart,TOT,0
11068120,9/29/2018,FCS,Houston Baptist,SMU,DEFENSE,Tyrell,Stewart,SOLO,0
11068121,9/29/2018,FCS,Houston Baptist,SMU,DEFENSE,Tyrell,Stewart,SACKS,0.0
11068122,9/29/2018,FCS,Houston Baptist,SMU,DEFENSE,Tyrell,Stewart,TFL,0
11068123,9/29/2018,FCS,Houston Baptist,SMU,DEFENSE,Tyrell,Stewart,INT,0
11068124,9/29/2018,FCS,Houston Baptist,SMU,DEFENSE,Tyrell,Stewart,FF,0
11068125,9/29/2018,FCS,Houston Baptist,SMU,DEFENSE,Tyrell,Stewart,FR,1
11068126,9/29/2018,FCS,Houston Baptist,SMU,DEFENSE,Greg,Vincent,TOT,1
11068127,9/29/2018,FCS,Houston Baptist,SMU,DEFENSE,Greg,Vincent,SOLO,1
11068128,9/29/2018,FCS,Houston Baptist,SMU,DEFENSE,Greg,Vincent,SACKS,0.0
11068129,9/29/2018,FCS,Houston Baptist,SMU,DEFENSE,Greg,Vincent,TFL,0
11068130,9/29/2018,FCS,Houston Baptist,SMU,DEFENSE,Greg,Vincent,INT,0
11068131,9/29/2018,FCS,Houston Baptist,SMU,DEFENSE,Greg,Vincent,FF,1
11068132,9/29/2018,FCS,Houston Baptist,SMU,DEFENSE,Greg,Vincent,FR,0
11068133,9/29/2018,FCS,SMU,Houston Baptist,RUSHING,Braeden,West,ATT,12
11068134,9/29/2018,FCS,SMU,Houston Baptist,RUSHING,Braeden,West,YDS,69
11068135,9/29/2018,FCS,SMU,Houston Baptist,RUSHING,Braeden,West,TD,2
11068136,9/29/2018,FCS,SMU,Houston Baptist,RUSHING,Braeden,West,LONG,25
11068137,9/29/2018,FCS,SMU,Houston Baptist,RUSHING,Merek,Pierce,ATT,9
11068138,9/29/2018,FCS,SMU,Houston Baptist,RUSHING,Merek,Pierce,YDS,56
11068139,9/29/2018,FCS,SMU,Houston Baptist,RUSHING,Merek,Pierce,TD,0
11068140,9/29/2018,FCS,SMU,Houston Baptist,RUSHING,Merek,Pierce,LONG,14
11068141,9/29/2018,FCS,SMU,Houston Baptist,RUSHING,Jared,Miles,ATT,2
11068142,9/29/2018,FCS,SMU,Houston Baptist,RUSHING,Jared,Miles,YDS,32
11068143,9/29/2018,FCS,SMU,Houston Baptist,RUSHING,Jared,Miles,TD,1
11068144,9/29/2018,FCS,SMU,Houston Baptist,RUSHING,Jared,Miles,LONG,20
11068145,9/29/2018,FCS,SMU,Houston Baptist,RUSHING,Xavier,Jones,ATT,9
11068146,9/29/2018,FCS,SMU,Houston Baptist,RUSHING,Xavier,Jones,YDS,28
11068147,9/29/2018,FCS,SMU,Houston Baptist,RUSHING,Xavier,Jones,TD,0
11068148,9/29/2018,FCS,SMU,Houston Baptist,RUSHING,Xavier,Jones,LONG,8
11068149,9/29/2018,FCS,SMU,Houston Baptist,RUSHING,William,Brown,ATT,7
11068150,9/29/2018,FCS,SMU,Houston Baptist,RUSHING,William,Brown,YDS,25
11068151,9/29/2018,FCS,SMU,Houston Baptist,RUSHING,William,Brown,TD,0
11068152,9/29/2018,FCS,SMU,Houston Baptist,RUSHING,William,Brown,LONG,14
11068153,9/29/2018,FCS,SMU,Houston Baptist,RUSHING,J.R.,Griffin,ATT,5
11068154,9/29/2018,FCS,SMU,Houston Baptist,RUSHING,J.R.,Griffin,YDS,17
11068155,9/29/2018,FCS,SMU,Houston Baptist,RUSHING,J.R.,Griffin,TD,1
11068156,9/29/2018,FCS,SMU,Houston Baptist,RUSHING,J.R.,Griffin,LONG,9
11068157,9/29/2018,FCS,SMU,Houston Baptist,RUSHING,Reggie,RobersonJr.,ATT,1
11068158,9/29/2018,FCS,SMU,Houston Baptist,RUSHING,Reggie,RobersonJr.,YDS,11
11068159,9/29/2018,FCS,SMU,Houston Baptist,RUSHING,Reggie,RobersonJr.,TD,0
11068160,9/29/2018,FCS,SMU,Houston Baptist,RUSHING,Reggie,RobersonJr.,LONG,11
11068161,9/29/2018,FCS,SMU,Houston Baptist,RUSHING,Austin,Upshaw,ATT,4
11068162,9/29/2018,FCS,SMU,Houston Baptist,RUSHING,Austin,Upshaw,YDS,11
11068163,9/29/2018,FCS,SMU,Houston Baptist,RUSHING,Austin,Upshaw,TD,1
11068164,9/29/2018,FCS,SMU,Houston Baptist,RUSHING,Austin,Upshaw,LONG,9
11068165,9/29/2018,FCS,SMU,Houston Baptist,RUSHING,,Team,ATT,1
11068166,9/29/2018,FCS,SMU,Houston Baptist,RUSHING,,Team,YDS,-5
11068167,9/29/2018,FCS,SMU,Houston Baptist,RUSHING,,Team,TD,0
11068168,9/29/2018,FCS,SMU,Houston Baptist,RUSHING,,Team,LONG,-5
11068169,9/29/2018,FCS,SMU,Houston Baptist,PASSING,William,Brown,CP-ATT-INT,12-20-1
11068170,9/29/2018,FCS,SMU,Houston Baptist,PASSING,William,Brown,YDS,309
11068171,9/29/2018,FCS,SMU,Houston Baptist,PASSING,William,Brown,TD,2
11068172,9/29/2018,FCS,SMU,Houston Baptist,PASSING,William,Brown,LONG,92
11068173,9/29/2018,FCS,SMU,Houston Baptist,PASSING,Ben,Hicks,CP-ATT-INT,8-12-0
11068174,9/29/2018,FCS,SMU,Houston Baptist,PASSING,Ben,Hicks,YDS,61
11068175,9/29/2018,FCS,SMU,Houston Baptist,PASSING,Ben,Hicks,TD,1
11068176,9/29/2018,FCS,SMU,Houston Baptist,PASSING,Ben,Hicks,LONG,17
11068177,9/29/2018,FCS,SMU,Houston Baptist,PASSING,Jamie,Sackville,CP-ATT-INT,2-2-0
11068178,9/29/2018,FCS,SMU,Houston Baptist,PASSING,Jamie,Sackville,YDS,29
11068179,9/29/2018,FCS,SMU,Houston Baptist,PASSING,Jamie,Sackville,TD,1
11068180,9/29/2018,FCS,SMU,Houston Baptist,PASSING,Jamie,Sackville,LONG,25
11068181,9/29/2018,FCS,SMU,Houston Baptist,PASSING,Austin,Upshaw,CP-ATT-INT,2-3-0
11068182,9/29/2018,FCS,SMU,Houston Baptist,PASSING,Austin,Upshaw,YDS,10
11068183,9/29/2018,FCS,SMU,Houston Baptist,PASSING,Austin,Upshaw,TD,0
11068184,9/29/2018,FCS,SMU,Houston Baptist,PASSING,Austin,Upshaw,LONG,11
11068185,9/29/2018,FCS,SMU,Houston Baptist,RECEIVING,Reggie,RobersonJr.,REC,4
11068186,9/29/2018,FCS,SMU,Houston Baptist,RECEIVING,Reggie,RobersonJr.,YDS,104
11068187,9/29/2018,FCS,SMU,Houston Baptist,RECEIVING,Reggie,RobersonJr.,TD,0
11068188,9/29/2018,FCS,SMU,Houston Baptist,RECEIVING,Reggie,RobersonJr.,LONG,45
11068189,9/29/2018,FCS,SMU,Houston Baptist,RECEIVING,Tyler,Page,REC,3
11068190,9/29/2018,FCS,SMU,Houston Baptist,RECEIVING,Tyler,Page,YDS,102
11068191,9/29/2018,FCS,SMU,Houston Baptist,RECEIVING,Tyler,Page,TD,1
11068192,9/29/2018,FCS,SMU,Houston Baptist,RECEIVING,Tyler,Page,LONG,92
11068193,9/29/2018,FCS,SMU,Houston Baptist,RECEIVING,James,Proche,REC,3
11068194,9/29/2018,FCS,SMU,Houston Baptist,RECEIVING,James,Proche,YDS,69
11068195,9/29/2018,FCS,SMU,Houston Baptist,RECEIVING,James,Proche,TD,1
11068196,9/29/2018,FCS,SMU,Houston Baptist,RECEIVING,James,Proche,LONG,43
11068197,9/29/2018,FCS,SMU,Houston Baptist,RECEIVING,Ben,Redding,REC,2
11068198,9/29/2018,FCS,SMU,Houston Baptist,RECEIVING,Ben,Redding,YDS,29
11068199,9/29/2018,FCS,SMU,Houston Baptist,RECEIVING,Ben,Redding,TD,1
11068200,9/29/2018,FCS,SMU,Houston Baptist,RECEIVING,Ben,Redding,LONG,25
11068201,9/29/2018,FCS,SMU,Houston Baptist,RECEIVING,Judah,Bell,REC,2
11068202,9/29/2018,FCS,SMU,Houston Baptist,RECEIVING,Judah,Bell,YDS,26
11068203,9/29/2018,FCS,SMU,Houston Baptist,RECEIVING,Judah,Bell,TD,1
11068204,9/29/2018,FCS,SMU,Houston Baptist,RECEIVING,Judah,Bell,LONG,17
11068205,9/29/2018,FCS,SMU,Houston Baptist,RECEIVING,Braeden,West,REC,3
11068206,9/29/2018,FCS,SMU,Houston Baptist,RECEIVING,Braeden,West,YDS,25
11068207,9/29/2018,FCS,SMU,Houston Baptist,RECEIVING,Braeden,West,TD,0
11068208,9/29/2018,FCS,SMU,Houston Baptist,RECEIVING,Braeden,West,LONG,22
11068209,9/29/2018,FCS,SMU,Houston Baptist,RECEIVING,Hunter,Thedford,REC,1
11068210,9/29/2018,FCS,SMU,Houston Baptist,RECEIVING,Hunter,Thedford,YDS,24
11068211,9/29/2018,FCS,SMU,Houston Baptist,RECEIVING,Hunter,Thedford,TD,0
11068212,9/29/2018,FCS,SMU,Houston Baptist,RECEIVING,Hunter,Thedford,LONG,24
11068213,9/29/2018,FCS,SMU,Houston Baptist,RECEIVING,Jordan,Brooks-Wess,REC,2
11068214,9/29/2018,FCS,SMU,Houston Baptist,RECEIVING,Jordan,Brooks-Wess,YDS,17
11068215,9/29/2018,FCS,SMU,Houston Baptist,RECEIVING,Jordan,Brooks-Wess,TD,0
11068216,9/29/2018,FCS,SMU,Houston Baptist,RECEIVING,Jordan,Brooks-Wess,LONG,11
11068217,9/29/2018,FCS,SMU,Houston Baptist,RECEIVING,Treveon,Johnson,REC,2
11068218,9/29/2018,FCS,SMU,Houston Baptist,RECEIVING,Treveon,Johnson,YDS,6
11068219,9/29/2018,FCS,SMU,Houston Baptist,RECEIVING,Treveon,Johnson,TD,0
11068220,9/29/2018,FCS,SMU,Houston Baptist,RECEIVING,Treveon,Johnson,LONG,7
11068221,9/29/2018,FCS,SMU,Houston Baptist,RECEIVING,Myron,Gailliard,REC,1
11068222,9/29/2018,FCS,SMU,Houston Baptist,RECEIVING,Myron,Gailliard,YDS,6
11068223,9/29/2018,FCS,SMU,Houston Baptist,RECEIVING,Myron,Gailliard,TD,0
11068224,9/29/2018,FCS,SMU,Houston Baptist,RECEIVING,Myron,Gailliard,LONG,6
11068225,9/29/2018,FCS,SMU,Houston Baptist,RECEIVING,Jared,Miles,REC,1
11068226,9/29/2018,FCS,SMU,Houston Baptist,RECEIVING,Jared,Miles,YDS,1
11068227,9/29/2018,FCS,SMU,Houston Baptist,RECEIVING,Jared,Miles,TD,0
11068228,9/29/2018,FCS,SMU,Houston Baptist,RECEIVING,Jared,Miles,LONG,1
11068229,9/29/2018,FCS,SMU,Houston Baptist,KICKING,Kevin,Robledo,FG-FGA,0/0
11068230,9/29/2018,FCS,SMU,Houston Baptist,KICKING,Kevin,Robledo,LONG,-
11068231,9/29/2018,FCS,SMU,Houston Baptist,KICKING,Kevin,Robledo,XP,9
11068232,9/29/2018,FCS,SMU,Houston Baptist,KICKING,Kevin,Robledo,PTS,9
11068233,9/29/2018,FCS,SMU,Houston Baptist,PUNTING,Jamie,Sackville,NO,2
11068234,9/29/2018,FCS,SMU,Houston Baptist,PUNTING,Jamie,Sackville,YDS,62
11068235,9/29/2018,FCS,SMU,Houston Baptist,PUNTING,Jamie,Sackville,AVG,31.0
11068236,9/29/2018,FCS,SMU,Houston Baptist,PUNTING,Jamie,Sackville,LONG,34
11068237,9/29/2018,FCS,SMU,Houston Baptist,PUNT RETURNS,James,Proche,NO,2
11068238,9/29/2018,FCS,SMU,Houston Baptist,PUNT RETURNS,James,Proche,YDS,0
11068239,9/29/2018,FCS,SMU,Houston Baptist,PUNT RETURNS,James,Proche,AVG,-
11068240,9/29/2018,FCS,SMU,Houston Baptist,PUNT RETURNS,James,Proche,LONG,2
11068241,9/29/2018,FCS,SMU,Houston Baptist,KICK RETURNS,Jordan,Brooks-Wess,NO,2
11068242,9/29/2018,FCS,SMU,Houston Baptist,KICK RETURNS,Jordan,Brooks-Wess,YDS,118
11068243,9/29/2018,FCS,SMU,Houston Baptist,KICK RETURNS,Jordan,Brooks-Wess,AVG,59.0
11068244,9/29/2018,FCS,SMU,Houston Baptist,KICK RETURNS,Jordan,Brooks-Wess,LONG,87
11068245,9/29/2018,FCS,SMU,Houston Baptist,KICK RETURNS,James,Proche,NO,2
11068246,9/29/2018,FCS,SMU,Houston Baptist,KICK RETURNS,James,Proche,YDS,67
11068247,9/29/2018,FCS,SMU,Houston Baptist,KICK RETURNS,James,Proche,AVG,33.5
11068248,9/29/2018,FCS,SMU,Houston Baptist,KICK RETURNS,James,Proche,LONG,36
11068249,9/29/2018,FCS,SMU,Houston Baptist,KICK RETURNS,Reggie,RobersonJr.,NO,1
11068250,9/29/2018,FCS,SMU,Houston Baptist,KICK RETURNS,Reggie,RobersonJr.,YDS,45
11068251,9/29/2018,FCS,SMU,Houston Baptist,KICK RETURNS,Reggie,RobersonJr.,AVG,45.0
11068252,9/29/2018,FCS,SMU,Houston Baptist,KICK RETURNS,Reggie,RobersonJr.,LONG,45
11068253,9/29/2018,FCS,SMU,Houston Baptist,DEFENSE,Jake,Hall,TOT,0
11068254,9/29/2018,FCS,SMU,Houston Baptist,DEFENSE,Jake,Hall,SOLO,0
11068255,9/29/2018,FCS,SMU,Houston Baptist,DEFENSE,Jake,Hall,SACKS,0.0
11068256,9/29/2018,FCS,SMU,Houston Baptist,DEFENSE,Jake,Hall,TFL,0
11068257,9/29/2018,FCS,SMU,Houston Baptist,DEFENSE,Jake,Hall,INT,0
11068258,9/29/2018,FCS,SMU,Houston Baptist,DEFENSE,Jake,Hall,FF,0
11068259,9/29/2018,FCS,SMU,Houston Baptist,DEFENSE,Jake,Hall,FR,1
11068260,9/29/2018,FCS,SMU,Houston Baptist,DEFENSE,Gerrit,Choate,TOT,1
11068261,9/29/2018,FCS,SMU,Houston Baptist,DEFENSE,Gerrit,Choate,SOLO,1
11068262,9/29/2018,FCS,SMU,Houston Baptist,DEFENSE,Gerrit,Choate,SACKS,0.0
11068263,9/29/2018,FCS,SMU,Houston Baptist,DEFENSE,Gerrit,Choate,TFL,0
11068264,9/29/2018,FCS,SMU,Houston Baptist,DEFENSE,Gerrit,Choate,INT,0
11068265,9/29/2018,FCS,SMU,Houston Baptist,DEFENSE,Gerrit,Choate,FF,1
11068266,9/29/2018,FCS,SMU,Houston Baptist,DEFENSE,Gerrit,Choate,FR,0
11068267,9/29/2018,FCS,SMU,Houston Baptist,DEFENSE,Preston,Ellison,TOT,0
11068268,9/29/2018,FCS,SMU,Houston Baptist,DEFENSE,Preston,Ellison,SOLO,0
11068269,9/29/2018,FCS,SMU,Houston Baptist,DEFENSE,Preston,Ellison,SACKS,0.0
11068270,9/29/2018,FCS,SMU,Houston Baptist,DEFENSE,Preston,Ellison,TFL,0
11068271,9/29/2018,FCS,SMU,Houston Baptist,DEFENSE,Preston,Ellison,INT,0
11068272,9/29/2018,FCS,SMU,Houston Baptist,DEFENSE,Preston,Ellison,FF,0
11068273,9/29/2018,FCS,SMU,Houston Baptist,DEFENSE,Preston,Ellison,FR,1
11068274,9/29/2018,FCS,SMU,Houston Baptist,DEFENSE,Toby,Ndukwe,TOT,1
11068275,9/29/2018,FCS,SMU,Houston Baptist,DEFENSE,Toby,Ndukwe,SOLO,0
11068276,9/29/2018,FCS,SMU,Houston Baptist,DEFENSE,Toby,Ndukwe,SACKS,0.5
11068277,9/29/2018,FCS,SMU,Houston Baptist,DEFENSE,Toby,Ndukwe,TFL,0
11068278,9/29/2018,FCS,SMU,Houston Baptist,DEFENSE,Toby,Ndukwe,INT,0
11068279,9/29/2018,FCS,SMU,Houston Baptist,DEFENSE,Toby,Ndukwe,FF,0
11068280,9/29/2018,FCS,SMU,Houston Baptist,DEFENSE,Toby,Ndukwe,FR,0
11068281,9/29/2018,FCS,SMU,Houston Baptist,DEFENSE,Delontae,Scott,TOT,1
11068282,9/29/2018,FCS,SMU,Houston Baptist,DEFENSE,Delontae,Scott,SOLO,1
11068283,9/29/2018,FCS,SMU,Houston Baptist,DEFENSE,Delontae,Scott,SACKS,1.0
11068284,9/29/2018,FCS,SMU,Houston Baptist,DEFENSE,Delontae,Scott,TFL,1
11068285,9/29/2018,FCS,SMU,Houston Baptist,DEFENSE,Delontae,Scott,INT,0
11068286,9/29/2018,FCS,SMU,Houston Baptist,DEFENSE,Delontae,Scott,FF,0
11068287,9/29/2018,FCS,SMU,Houston Baptist,DEFENSE,Delontae,Scott,FR,0
11068288,9/29/2018,FCS,SMU,Houston Baptist,DEFENSE,Demerick,Gary,TOT,1
11068289,9/29/2018,FCS,SMU,Houston Baptist,DEFENSE,Demerick,Gary,SOLO,0
11068290,9/29/2018,FCS,SMU,Houston Baptist,DEFENSE,Demerick,Gary,SACKS,0.5
11068291,9/29/2018,FCS,SMU,Houston Baptist,DEFENSE,Demerick,Gary,TFL,0
11068292,9/29/2018,FCS,SMU,Houston Baptist,DEFENSE,Demerick,Gary,INT,0
11068293,9/29/2018,FCS,SMU,Houston Baptist,DEFENSE,Demerick,Gary,FF,0
11068294,9/29/2018,FCS,SMU,Houston Baptist,DEFENSE,Demerick,Gary,FR,0
11068295,9/29/2018,FCS,SMU,Houston Baptist,DEFENSE,Rodney,Clemons,TOT,1
11068296,9/29/2018,FCS,SMU,Houston Baptist,DEFENSE,Rodney,Clemons,SOLO,1
11068297,9/29/2018,FCS,SMU,Houston Baptist,DEFENSE,Rodney,Clemons,SACKS,0.0
11068298,9/29/2018,FCS,SMU,Houston Baptist,DEFENSE,Rodney,Clemons,TFL,0
11068299,9/29/2018,FCS,SMU,Houston Baptist,DEFENSE,Rodney,Clemons,INT,1
11068300,9/29/2018,FCS,SMU,Houston Baptist,DEFENSE,Rodney,Clemons,FF,1
11068301,9/29/2018,FCS,SMU,Houston Baptist,DEFENSE,Rodney,Clemons,FR,0
